java.lang.ArrayIndexOutOfBoundsException: Index 15 out of bounds for length 15
	at com.alibaba.fastjson2.JSONReaderUTF8.readNumber0(JSONReaderUTF8.java:6295)
	at com.alibaba.fastjson2.JSONReader.readNumber(JSONReader.java:1057)
	at com.alibaba.fastjson2.reader.ObjectReaderImplObject.readObject(ObjectReaderImplObject.java:273)
	at com.alibaba.fastjson2.JSON.parse(JSON.java:79)
	at jdk.internal.reflect.GeneratedMethodAccessor1.invoke(Unknown Source)
	at java.base/jdk.internal.reflect.DelegatingMethodAccessorImpl.invoke(DelegatingMethodAccessorImpl.java:43)
	at java.base/java.lang.reflect.Method.invoke(Method.java:566)
	at me.markoutte.joker.parse.step3.MainKt.main(Main.kt:60)


parse: [25576968886751.]

[14, 50, 53, 53, 55, 54, 57, 54, 56, 56, 56, 54, 55, 53, 49, 46, 38, 44, 46, 45, 50, 39, 44, 46, 55, 45, 56, 57, 39, 43, 53, 56, 54, 53, 50, 44, 52, 40, 38, 44, 54, 54, 44, 50, 55, 57, 56, 52, 51, 47, 43, 42, 48, 47, 39, 57, 53, 39, 43, 53, 53, 57, 57, 48, 46, 45, 52, 43, 46, 41, 49, 44, 46, 49, 55, 41, 55, 45, 44, 39, 44, 54, 52, 39, 51, 55, 50, 43, 41, 56, 52, 50, 42, 54, 51, 47, 44, 55, 45, 41, 51, 54, 39, 49, 56, 49, 46, 40, 38, 51, 50, 41, 57, 48, 56, 47, 56, 48, 47, 43, 38, 56, 50, 48, 56, 54, 42, 53, 46, 54, 51, 49, 43, 57, 53, 39, 54, 43, 48, 45, 57, 47, 42, 55, 57, 50, 41, 44, 50, 52, 48, 49, 48, 42, 46, 39, 52, 54, 38, 48, 43, 49, 49, 38, 39, 55, 44, 56, 56, 47, 38, 40, 44, 44, 54, 56, 43, 44, 56, 38, 52, 41, 45, 39, 38, 49, 48, 41, 47, 48, 40, 53, 48, 47, 56, 42, 39, 49, 54, 40, 54, 47, 57, 53, 44, 44, 52, 41, 55, 44, 48, 38, 45, 41, 38, 40, 47, 44, 48, 52, 45, 47, 39, 56, 38, 39, 50, 49, 50, 56, 40, 44, 51, 55, 52, 50, 49, 52, 46, 53, 55, 56, 57, 41, 49, 57, 55, 48, 40, 43, 39, 48, 54, 52, 42, 51, 50, 56, 44, 48, 51, 39, 53, 53, 40, 45, 45, 38, 43, 48, 38, 42, 52, 56, 42, 44, 48, 52, 56, 57, 55, 57, 44, 45, 54, 45, 39, -41, -4, 127, -56, -33, 87, -46, 47, -20, -10, -8, 73, 57]

25576968886751.&,.-2',.7-89'+58652,4(&,66,279843/+*0/'95'+55990.-4+.)1,.17)7-,',64'372+)842*63/,7-)36'181.(&32)908/80/+&82086*5.631+95'6+0-9/*792),24010*.'46&0+11&'7,88/&(,,68+,8&4)-'&10)/0(50/8*'16(6/95,,4)7,0&-)&(/,04-/'8&'2128(,374214.5789)1970(+'064*328,03'55(--&+0&*48*,048979,-6-'×üÈßWÒ/ìöøI9