java.lang.ArrayIndexOutOfBoundsException: Index 53 out of bounds for length 53
	at com.alibaba.fastjson2.JSONReaderUTF8.readNumber0(JSONReaderUTF8.java:6336)
	at com.alibaba.fastjson2.JSONReader.readNumber(JSONReader.java:1057)
	at com.alibaba.fastjson2.reader.ObjectReaderImplObject.readObject(ObjectReaderImplObject.java:273)
	at com.alibaba.fastjson2.JSON.parse(JSON.java:79)
	at jdk.internal.reflect.GeneratedMethodAccessor1.invoke(Unknown Source)
	at java.base/jdk.internal.reflect.DelegatingMethodAccessorImpl.invoke(DelegatingMethodAccessorImpl.java:43)
	at java.base/java.lang.reflect.Method.invoke(Method.java:566)
	at me.markoutte.joker.parse.step3.MainKt.main(Main.kt:60)


parse: [4444444444444444444444444444444444444444444444444440E]

[52, 52, 52, 52, 52, 52, 52, 52, 52, 52, 52, 52, 52, 52, 52, 52, 52, 52, 52, 52, 52, 52, 52, 52, 52, 52, 52, 52, 52, 52, 52, 52, 52, 52, 52, 52, 52, 52, 52, 52, 52, 52, 52, 52, 52, 52, 52, 52, 52, 52, 52, 52, 48, 69, 50, 36, 46, 47, 59, 67, 56, 52, 59, 54, 54, 65, 56, 38, 52, 38, 53, 47, 48, 40, 42, 35, 50, 47, 68, 65, 65, 44, 67, 43, 40, 40, 61, 59, 37, 41, 51, 66, 42, 54, 45, 40, 69, 57, 68, 48, 57, 47, 58, 49, 35, 44, 34, 49, 68, 46, 64, 41, 45, 68, 67, 57, 61, 62, 70, 70, 65, 39, 67, 47, 63, 67, 62, 35, 36, 53, 38, 34, 52, 64, 64, 37, 36, 45, 69, 36, 38, 41, 53, 57, 62, 58, 66, 50, 55, 47, 67, 50, 55, 36, 61, 52, 52, 52, 52, 52, 52, 52, 52, 52, 52, 52, 52, 52, 52, 52, 52, 52, 52, 52, 52, 52, 52, 52, 52, 52, 52, 52, 52, 52, 52, 52, 52, 52, 52, 52, 52, 52, 52, 52, 52, 52, 52, 52, 52, 52, 52, 52, 52, 52, 52, 52, 52, 52, 52, 52, 52, 52, 52, 52, 52, 52, 52, 52, 52, 52, 52, 52, 52, 52, 52, 52, 52, 52, 52, 52, 52, 52, 52, 52, 52, 52, 52, 52, 52, 52, 52, 52, 52, 52, 52, 52, 52, 52, 52, 52, 52, 52, 52, 52, 52, 52, 52, 52, 52, 52, 52, 52, 52, 52, 52, 52, 52, 52, 52, 103, 8, 114, -37, -39, 82, 42, -66, -71, 50, 24, -100, 78, -79, 87, 49, -91, -2, -6, 38, -92, 37, 86, 97, -18, 39, -41, -98, -124, 58, -75]

44444444444444444444444444444444444444444444444444440E2$./;C84;66A8&4&5/0(*#2/DAA,C+((=;%)3B*6-(E9D09/:1#,"1D.@)-DC9=>FFA'C/?C>#$5&"4@@%$-E$&)59>:B27/C27$=444444444444444444444444444444444444444444444444444444444444444444444444444444444444444444444444444444444444444444grÛÙR*¾¹2œN±W1¥þú&¤%Vaî'×ž„:µ