java.lang.ArrayIndexOutOfBoundsException: Index 50 out of bounds for length 50
	at com.alibaba.fastjson2.JSONReaderUTF8.readNumber0(JSONReaderUTF8.java:6295)
	at com.alibaba.fastjson2.JSONReader.readNumber(JSONReader.java:1057)
	at com.alibaba.fastjson2.reader.ObjectReaderImplObject.readObject(ObjectReaderImplObject.java:273)
	at com.alibaba.fastjson2.JSON.parse(JSON.java:79)
	at jdk.internal.reflect.GeneratedMethodAccessor1.invoke(Unknown Source)
	at java.base/jdk.internal.reflect.DelegatingMethodAccessorImpl.invoke(DelegatingMethodAccessorImpl.java:43)
	at java.base/java.lang.reflect.Method.invoke(Method.java:566)
	at me.markoutte.joker.parse.step3.MainKt.main(Main.kt:60)


parse: [2333122113322111133333221132332321113223223193444.]

[49, 50, 51, 51, 51, 49, 50, 50, 49, 49, 51, 51, 50, 50, 49, 49, 49, 49, 51, 51, 51, 51, 51, 50, 50, 49, 49, 51, 50, 51, 51, 50, 51, 50, 49, 49, 49, 51, 50, 50, 51, 50, 50, 51, 49, 57, 51, 52, 52, 52, 46, 47, 60, 55, 57, 60, 60, 46, 54, 59, 60, 53, 54, 53, 46, 53, 60, 58, 55, 51, 56, 50, 50, 59, 48, 53, 58, 53, 49, 50, 59, 55, 54, 55, 49, 48, 58, 59, 52, 59, 60, 58, 57, 53, 51, 60, 48, 60, 60, 59, 54, 48, 49, 53, 47, 55, 47, 58, 48, 60, 59, 52, 50, 58, 46, 52, 54, 47, 50, 47, 59, 57, 50, 58, 58, 55, 60, 46, 48, 59, 56, 58, 48, 49, 57, 48, 48, 52, 57, 57, 56, 49, 50, 48, 56, 50, 53, 50, 59, 57, 57, 59, 55, 58, 53, 58, 59, 54, 55, 53, 47, 55, 47, 55, 58, 51, 54, 49, 53, 59, 54, 49, 57, 49, 52, 60, 59, 47, 55, 50, 54, 52, 46, 58, 60, 51, 49, 50, 58, 58, 56, 51, 55, 58, 51, 47, 54, 47, 54, 57, 58, 56, 50, 47, 53, 48, 50, 54, 59, 56, 54, 51, 49, 53, 58, 46, 58, 51, 53, 55, 56, 47, 60, 48, 50, 55, 58, 60, 49, 49, 60, 60, 51, 51, 54, 50, 52, 59, 57, 55, 46, 50, 50, 48, 57, 56, 56, 55, 59, 48, 57, 53, 47, 48, 50, 49, 46, 47, 51, 59, 53, 49, 53, 56, 48, 56, 53, 59, 49, 53, 46, 56, 55, 48, 59, 47, 59, 51, 46, 59, 50, 56, 53, 48, 52, 49, 51, 51, 46, 58, 51, 47, 52, 52, 52, 48, 58, -77, 60, -3]

12333122113322111133333221132332321113223223193444./<79<<.6;<565.5<:73822;05:512;76710:;4;<:953<0<<;6015/7/:0<;42:.46/2/;92::7<.0;8:0190049981208252;99;7:5:;675/7/7:3615;61914<;/7264.:<312::837:3/6/69:82/5026;86315:.:3578/<027:<11<<33624;97.2209887;095/021./3;5158085;15.870;/;3.;28504133.:3/4440:³<ý